-0.08   0.41   0.01  -0.16  -0.49  -0.10   0.40   0.33   0.23   0.06  -0.37   0.02
 0.40   0.19   0.34   0.49   0.35   0.11   0.08  -0.09   0.12  -0.34  -0.30  -0.18
 0.26   0.37   0.17  -0.05   0.24  -0.10   0.05  -0.14  -0.29   0.45   0.32   0.33
-0.30  -0.46  -0.40   0.11  -0.15  -0.01   0.17   0.49  -0.48  -0.21  -0.39  -0.33
-0.44  -0.08   0.21   0.42  -0.11   0.01   0.10   0.10   0.25   0.10  -0.15   0.35
 0.40   0.08   0.29  -0.34  -0.45   0.33  -0.30   0.39  -0.14   0.01  -0.28  -0.03
 0.12  -0.30  -0.06  -0.13  -0.11  -0.29   0.44  -0.43  -0.29   0.02  -0.45  -0.38
-0.16  -0.39   0.38   0.45  -0.26  -0.15  -0.44  -0.42   0.03  -0.32   0.25   0.35
 0.41  -0.28   0.05   0.20   0.41   0.07   0.25   0.48   0.07   0.11  -0.48   0.23
 0.18   0.12   0.18   0.08   0.32  -0.48   0.03  -0.25  -0.37  -0.22   0.42   0.00
-0.15  -0.20   0.20   0.22   0.06  -0.28   0.01   0.04   0.26  -0.49  -0.26   0.18
 0.46  -0.04   0.34  -0.27  -0.12   0.02  -0.30   0.35   0.34   0.18   0.03  -0.29
